hgt	con	mean	min	max	perc_5	perc_25	perc_95	stddev	rtt_min	rtt_avg	rtt_max
3	2	0.06634633	0.0274889	0.105215	0.027494525	0.027528875	0.1051979	0.04091637766	66.2375	66.2375	66.2375
3	4	0.12140552	0.0275859	0.325684	0.02761345	0.027630375	0.3256384	0.1252052005	121.296	121.296	121.296
3	6	0.11263977	0.0189464	0.325869	0.01896733	0.0269055	0.32575915	0.1118195624	112.544	112.544	112.544
3	8	0.13212383	0.0189394	0.270675	0.01900828	0.0267691	0.2706721	0.09814946752	132.035	132.035	132.035
3	10	0.117274556	0.0186831	0.270719	0.01878807	0.02655775	0.27066915	0.08529426612	117.184	117.184	117.184
3	12	0.1342947117	0.0175855	0.405039	0.01822962	0.027171475	0.40501715	0.1157485202	134.208	134.208	134.208
3	14	0.1305868643	0.0184747	0.405153	0.01849427	0.026850675	0.4051179	0.1151521169	130.504	130.504	130.504
5	2	0.06608566	0.0271977	0.105	0.027202515	0.027212475	0.1049919	0.04097631702	65.9782	65.9782	65.9782
5	4	0.12154812	0.027651	0.326006	0.027651095	0.027688675	0.32599555	0.1253108222	121.447	121.447	121.447
5	6	0.1126706367	0.0189356	0.32558	0.019010395	0.02714145	0.32555205	0.1116983592	112.58	112.58	112.58
5	8	0.132470055	0.0190432	0.270772	0.019103845	0.0273885	0.27075445	0.09801211092	132.381	132.381	132.381
5	10	0.117242004	0.0190601	0.27079	0.019066275	0.026409775	0.27077075	0.08527743691	117.16	117.16	117.16
5	12	0.1339367283	0.018526	0.405	0.01863979	0.0266967	0.40496935	0.1157798766	133.86	133.86	133.86
5	14	0.13098971	0.0185002	0.405684	0.01855972	0.0266817	0.405159	0.1152696454	130.92	130.92	130.92
7	2	0.0663842	0.0274745	0.105302	0.027511355	0.02756205	0.10526645	0.04093970986	66.2752	66.2752	66.2752
7	4	0.12113336	0.0273802	0.325111	0.027395875	0.0274283	0.32506255	0.125034119	121.017	121.017	121.017
7	6	0.1126062033	0.0190113	0.32532	0.01906746	0.026924625	0.3253032	0.1116752427	112.514	112.514	112.514
7	8	0.13230888	0.0186835	0.270837	0.018708585	0.026919225	0.2708091	0.09821611324	132.221	132.221	132.221
7	10	0.117297514	0.0179876	0.270585	0.01863119	0.026844775	0.2705711	0.08523915687	117.211	117.211	117.211
7	12	0.1342258983	0.0172134	0.405884	0.018582595	0.0270016	0.40581055	0.1159665207	134.146	134.146	134.146
7	14	0.1305023	0.0181023	0.404905	0.018584825	0.026318825	0.40488355	0.1152429287	130.425	130.425	130.425
9	2	0.06646324	0.0274721	0.105426	0.027498695	0.027554375	0.1054206	0.04102337078	66.3596	66.3596	66.3596
9	4	0.12120435	0.0270793	0.325951	0.02708063	0.027109425	0.32584555	0.1254985321	121.1	121.1	121.1
9	6	0.11431115	0.0189003	0.324905	0.018907285	0.026577675	0.32487115	0.1127885882	114.223	114.223	114.223
9	8	0.1324012925	0.0192436	0.271422	0.01926801	0.027093425	0.27141005	0.09814685456	132.308	132.308	132.308
9	10	0.117468802	0.0190431	0.27084	0.01910385	0.026718925	0.27078995	0.08515711226	117.366	117.366	117.366
9	12	0.1341360217	0.0161431	0.405156	0.018744695	0.0267068	0.40509735	0.1159283592	134.053	134.053	134.053
9	14	0.13061139	0.0184696	0.404828	0.018535215	0.0267072	0.4047707	0.115109557	130.541	130.541	130.541