hgt	con	mean	min	max	perc_5	perc_25	perc_95	stddev	rtt_min	rtt_avg	rtt_max
3	2	268.7680492	111.466583	426.644611	111.4849264	111.5339713	426.5576404	165.7521195	66.2375	66.2375	66.2375
3	4	249.2215298	36.010351	425.145392	36.0154468	92.9407285	424.7210992	181.8759183	121.296	121.296	121.296
3	6	283.9538609	35.98997	619.010135	36.00209425	67.98249775	618.3277519	225.407491	112.544	112.544	112.544
3	8	228.7664397	43.328707	619.239019	43.3292401	61.43364125	616.9934327	218.6955366	132.035	132.035	132.035
3	10	237.4913777	43.321681	627.732447	43.32965975	66.875228	624.2254563	213.1861534	117.184	117.184	117.184
3	12	231.8656382	28.955221	666.912589	28.95680425	66.7751385	643.353584	209.7136232	134.208	134.208	134.208
3	14	232.2435901	28.947064	634.812791	28.9495883	67.77371175	634.1433095	201.4372902	130.504	130.504	130.504
5	10	360.2521427	65.792602	934.729874	65.7974332	101.6992135	934.4254952	322.0360237	117.16	117.16	117.16
5	2	412.2252711	169.67694	655.055559	169.689639	169.741575	654.9391049	255.5993762	65.9782	65.9782	65.9782
5	4	377.6960398	54.649291	644.316288	54.6510466	141.0275423	644.3136318	275.4872723	121.447	121.447	121.447
5	6	429.4188979	54.720825	940.872729	54.725487	103.2346105	937.1718902	340.6747995	112.58	112.58	112.58
5	8	342.8185505	65.796989	935.556214	65.80131335	93.05065475	932.5863039	327.4257845	132.381	132.381	132.381
5	12	353.4968557	43.990108	961.673978	43.99348605	101.7496178	955.8062704	317.1755794	133.86	133.86	133.86
5	14	353.3340623	43.915974	963.01469	43.9728715	103.000883	959.9289204	307.0261061	130.92	130.92	130.92
7	2	549.3221224	227.763628	872.954954	227.8405924	227.986769	871.7880271	338.7728255	66.2752	66.2752	66.2752
7	4	512.3966673	73.771679	875.961269	73.78262205	190.402891	875.4604528	374.4508106	121.017	121.017	121.017
7	6	370.2481802	1.254882	893.812077	1.25644105	73.72875325	891.3848484	379.6637079	112.514	112.514	112.514
7	8	308.5591491	1.280939	896.657763	1.2819155	90.9759505	895.6591611	346.2131419	132.221	132.221	132.221
7	10	355.7348008	1.277902	905.797272	1.2997155	136.7158085	902.4691369	361.575709	117.211	117.211	117.211
7	12	364.7349272	1.287971	891.35185	1.3556167	124.515745	890.7068398	359.7397505	134.146	134.146	134.146
7	14	386.2334476	1.290494	913.550556	1.31606025	88.579634	912.9721858	363.7113133	130.425	130.425	130.425
9	2	620.7772485	257.166042	986.890971	257.1788499	257.2433875	985.938429	383.1668662	66.3596	66.3596	66.3596
9	4	235.489479	1.000004	997.917741	1.0000781	1.001142	997.5616763	343.7815458	121.1	121.1	121.1
9	6	82.16007583	1.016187	258.850865	1.0179227	1.02025525	258.7812731	97.48363992	114.223	114.223	114.223
9	8	221.7822087	1.003384	999.78999	1.0040024	75.26877725	999.1269018	307.9765502	132.308	132.308	132.308
9	10	98.17547134	1.000105	256.301503	1.0030049	1.01651325	256.157548	87.88221983	117.366	117.366	117.366
9	12	161.258096	1.011606	887.224684	1.0133474	1.3348225	884.6683394	234.6455692	134.053	134.053	134.053
9	14	214.3978286	1.014437	885.310696	1.01546415	1.4662655	883.8301249	286.4292865	130.541	130.541	130.541