hgt	con	mean	min	max	perc_5	perc_25	perc_95	stddev	rtt_min	rtt_avg	rtt_max
3	2	4.985283	1.54474	8.42572	1.544767	1.5448875	8.4257065	3.626482103	8.7946	61.4423	125.11
3	4	9.664044	1.37404	30.0945	1.374078	1.3918475	30.0945	12.24175973	19.1528	115.914	277.678
3	6	8.170299333	1.20854	19.1201	1.20859	1.320695	19.1201	8.06836432	49.6412	119.065	177.459
3	8	9.20107675	1.27885	23.9446	1.2790505	1.4557425	23.9446	7.970291002	39.0921	140.885	281.812
3	10	8.7316872	1.40763	24.4709	1.4077345	1.5214225	24.4709	7.16885547	34.9773	117.834	231.384
3	12	9.421291	1.78744	26.6966	1.7875395	2.019865	26.6966	8.074919894	26.6416	132.241	250.69
3	14	7.960009	1.79651	22.4005	1.7965345	1.9917625	22.400255	6.322504743	42.3201	149.621	338.447
5	2	5.02312	1.42057	8.62557	1.4206105	1.42068	8.62557	3.797294638	23.8417	67.8942	181.461
5	4	11.0514135	1.21101	35.6388	1.2110385	1.22263	35.6388	14.70879109	21.2987	125.788	229.384
5	6	6.694113333	1.30813	17.6195	1.3081905	1.3469225	17.6195	6.343521114	46.2907	129.912	249.724
5	8	9.74052075	1.16953	26.9348	1.16996	1.43572	26.9347	9.589502265	67.4554	141.453	195.326
5	10	7.1842364	1.43651	21.1815	1.436567	1.6166525	21.1815	5.920941487	52.9217	123.149	235.226
5	12	8.802074333	1.49764	33.9333	1.49765	1.61646	33.9333	9.086085668	35.8959	142.564	247.843
5	14	7.672995286	1.70876	19.1953	1.70888	1.836415	19.1952	6.016095004	36.162	147.524	300.728
7	2	4.995052	1.3489	8.64101	1.3489135	1.3489425	8.6410055	3.84316243	10.0876	64.4028	93.9768
7	4	9.469405	1.35373	27.1523	1.3537395	1.4433825	27.1523	10.82096146	16.9793	117.086	212.333
7	6	8.827785	1.22638	23.7993	1.227383	1.5597875	23.799255	9.375797225	47.7694	139.353	293.549
7	8	11.496303	1.33002	29.1112	1.33003	1.5306825	29.1112	10.2892488	41.372	142.963	224.175
7	10	8.1497656	1.2917	22.0279	1.292753	1.712355	22.0279	6.507743446	34.4929	113.243	188.311
7	12	7.9475525	1.55246	25.8435	1.5539055	1.79418	25.843405	8.479001558	32.4488	137.223	258.677
7	14	7.316355	1.98991	25.3792	1.9900815	2.0525075	25.3792	6.224256865	34.0139	146.767	331.13
9	2	4.940878	1.67536	8.20638	1.67536	1.675375	8.20638	3.442128692	17.9854	64.9882	117.111
9	4	11.510628	1.30634	34.0048	1.3063495	1.6652725	34.0048	13.68131782	12.2302	123.788	161.83
9	6	7.190517667	1.4069	18.1034	1.407064	1.44701	18.1034	6.426404616	33.0689	121.773	234.779
9	8	11.180004	1.48012	26.4073	1.4801395	1.541165	26.4073	9.68559177	44.8777	144.864	246.804
9	10	8.8836062	1.26421	23.6633	1.2647445	1.5503875	23.6632	7.109888426	45.7637	116.201	232.644
9	12	7.1875875	1.52859	20.3168	1.529065	1.669295	20.3168	5.924317433	29.5081	134.948	274.48
9	14	7.326973286	1.82163	21.4755	1.822232	1.9790475	21.4754	5.771113542	45.7938	143.826	294.957