hgt	con	mean	min	max	perc_5	perc_25	perc_95	stddev	rtt_min	rtt_avg	rtt_max
3	2	141.0887789	43.722032	238.480035	43.7221157	43.722318	238.4756894	102.6332472	8.7946	61.4423	125.11
3	4	151.902772	12.241102	268.107172	12.24110865	50.7754225	268.1001781	118.4177337	19.1528	115.914	277.678
3	6	156.1169556	19.267096	304.821413	19.2671173	19.4832805	304.80905	129.0573007	49.6412	119.065	177.459
3	8	122.6826335	15.385056	288.063445	15.38506095	24.30086025	288.0186951	116.094533	39.0921	140.885	281.812
3	10	117.8395144	15.054215	261.708703	15.0542189	29.71790325	261.6900439	109.1255819	34.9773	117.834	231.384
3	12	94.96894295	13.799144	206.099448	13.79914895	31.8604405	206.0873366	79.88274903	26.6416	132.241	250.69
3	14	100.1280078	16.445587	205.058005	16.4457604	29.8578455	205.056061	77.84559451	42.3201	149.621	338.447
5	2	151.0062053	42.709023	259.324537	42.70903155	42.70912875	259.3171476	114.1551413	23.8417	67.8942	181.461
5	4	168.7232182	10.33675	304.200928	10.33675285	47.66400375	304.1932606	138.161443	21.2987	125.788	229.384
5	6	155.9308488	20.90802	281.615323	20.90807465	30.769291	281.6021911	122.5541798	46.2907	129.912	249.724
5	8	126.1748644	13.677114	314.988554	13.6771348	31.8823395	314.8737021	120.942349	67.4554	141.453	195.326
5	10	117.9389699	17.392051	256.446895	17.3920598	39.08698625	256.4371307	99.47447087	52.9217	123.149	235.226
5	12	116.5687919	10.856291	245.980567	10.8562969	34.882852	245.9782455	99.66116592	35.8959	142.564	247.843
5	14	104.7516787	19.191682	215.58846	19.1917979	36.27306075	215.5738871	82.36444225	36.162	147.524	300.728
7	2	157.8471716	42.632715	273.103796	42.63273075	42.63280625	273.1011721	121.4466398	10.0876	64.4028	93.9768
7	4	145.5923554	13.567533	272.130288	13.56753585	38.37327275	272.1272556	119.3622446	16.9793	117.086	212.333
7	6	140.375883	15.47903	300.386728	15.4790505	18.95601	300.1425697	112.2643022	47.7694	139.353	293.549
7	8	112.2262926	12.654567	276.98144	12.6545756	21.7851815	276.9785009	112.6679252	41.372	142.963	224.175
7	10	115.0856278	16.723761	285.197057	16.72377495	30.455609	284.9653797	103.9229374	34.4929	113.243	188.311
7	12	112.5474581	14.254619	237.293933	14.25469415	43.659937	237.0729249	83.97073569	32.4488	137.223	258.677
7	14	97.13730181	14.51541	185.128514	14.51542215	42.56095125	185.1128586	69.91394524	34.0139	146.767	331.13
9	2	132.3871369	44.890628	219.887557	44.89064195	44.89067725	219.8871201	92.22932706	17.9854	64.9882	117.111
9	4	135.0960872	10.83346	282.00243	10.8334638	33.591567	281.9990737	115.7596745	12.2302	123.788	161.83
9	6	133.295238	20.349168	261.845439	20.3491849	29.901605	261.8143862	105.8346591	33.0689	121.773	234.779
9	8	107.8422788	13.950277	248.891606	13.9502988	22.83100875	248.8889756	106.4059745	44.8777	144.864	246.804
9	10	115.1290977	15.568008	291.400295	15.56801545	27.3799085	291.276157	108.0216581	45.7637	116.201	232.644
9	12	116.5868018	18.132253	240.999426	18.13228215	37.2963915	240.9255919	94.45783261	29.5081	134.948	274.48
9	14	100.4570771	17.153982	202.231186	17.1540127	38.53607375	202.1636671	74.6231921	45.7938	143.826	294.957